  3.1595854e+002 -2.9917120e+002 -4.6730134e+002  1.0000000e+000 -1.0000000e+000 -1.0000000e+000 -1.0000000e+000 -1.0000000e+000
  8.6276464e+002  9.3773013e+001 -3.9923107e+002  1.0000000e+000 -1.0000000e+000 -1.0000000e+000 -1.0000000e+000 -1.0000000e+000
  1.9027787e+002 -3.1487216e+002 -4.7322575e+002  1.0000000e+000 -1.0000000e+000 -1.0000000e+000 -1.0000000e+000 -1.0000000e+000
  1.6447009e+002 -3.7100207e+002 -4.7531810e+002  1.0000000e+000 -1.0000000e+000 -1.0000000e+000 -1.0000000e+000 -1.0000000e+000
 -2.3096844e+000 -3.8863433e+002 -6.3860952e+002  1.0000000e+000 -1.0000000e+000 -1.0000000e+000 -1.0000000e+000 -1.0000000e+000
  6.3476702e+001 -2.2793342e+002 -6.0251939e+002  1.0000000e+000 -1.0000000e+000 -1.0000000e+000 -1.0000000e+000 -1.0000000e+000
  6.6406799e+001 -2.8951579e+002 -5.5413172e+002  1.0000000e+000 -1.0000000e+000 -1.0000000e+000 -1.0000000e+000 -1.0000000e+000
  7.4674257e+001 -3.5627084e+002 -5.0870263e+002  1.0000000e+000 -1.0000000e+000 -1.0000000e+000 -1.0000000e+000 -1.0000000e+000
  1.1226195e+002 -2.3008319e+002 -6.3237643e+002  1.0000000e+000 -1.0000000e+000 -1.0000000e+000 -1.0000000e+000 -1.0000000e+000
  6.3850550e+001 -4.8129184e+002 -5.4817801e+002  1.0000000e+000 -1.0000000e+000 -1.0000000e+000 -1.0000000e+000 -1.0000000e+000
  1.0739063e+002 -5.0026860e+002 -6.1228635e+002  1.0000000e+000 -1.0000000e+000 -1.0000000e+000 -1.0000000e+000 -1.0000000e+000
  4.0706115e+001 -2.3435851e+002 -5.4132930e+002  1.0000000e+000 -1.0000000e+000 -1.0000000e+000 -1.0000000e+000 -1.0000000e+000
  3.2123985e+001 -2.3311072e+002 -5.6397327e+002  1.0000000e+000 -1.0000000e+000 -1.0000000e+000 -1.0000000e+000 -1.0000000e+000
  2.7226635e+001 -3.7237017e+002 -6.1845274e+002  1.0000000e+000 -1.0000000e+000 -1.0000000e+000 -1.0000000e+000 -1.0000000e+000
  1.4584134e+002 -4.0402677e+002 -3.6927301e+002  1.0000000e+000 -1.0000000e+000 -1.0000000e+000 -1.0000000e+000 -1.0000000e+000
  7.9863797e+001 -4.5760595e+002 -5.6193544e+002  1.0000000e+000 -1.0000000e+000 -1.0000000e+000 -1.0000000e+000 -1.0000000e+000
  1.1804873e+002 -4.5251751e+002 -5.1341953e+002  1.0000000e+000 -1.0000000e+000 -1.0000000e+000 -1.0000000e+000 -1.0000000e+000
  1.0146227e+002 -4.7690916e+002 -6.0331139e+002  1.0000000e+000 -1.0000000e+000 -1.0000000e+000 -1.0000000e+000 -1.0000000e+000
  1.3286312e+002 -4.1817695e+002 -3.1523798e+002  1.0000000e+000 -1.0000000e+000 -1.0000000e+000 -1.0000000e+000 -1.0000000e+000
  1.7331345e+002 -4.8230648e+002 -3.8097465e+002  1.0000000e+000 -1.0000000e+000 -1.0000000e+000 -1.0000000e+000 -1.0000000e+000
  1.2329621e+002 -4.4909116e+002 -3.7603104e+002  1.0000000e+000 -1.0000000e+000 -1.0000000e+000 -1.0000000e+000 -1.0000000e+000
  1.1082680e+002 -5.2019691e+002 -2.5783655e+002  1.0000000e+000 -1.0000000e+000 -1.0000000e+000 -1.0000000e+000 -1.0000000e+000
  5.7913905e+001 -6.7060211e+001 -1.6401947e+002  1.0000000e+000 -1.0000000e+000 -1.0000000e+000 -1.0000000e+000 -1.0000000e+000
  2.2743109e+002  6.0614122e+001 -1.8235350e+002  1.0000000e+000 -1.0000000e+000 -1.0000000e+000 -1.0000000e+000 -1.0000000e+000
 -1.5893782e+001 -2.6532847e+002 -2.2107885e+002  1.0000000e+000 -1.0000000e+000 -1.0000000e+000 -1.0000000e+000 -1.0000000e+000
  2.0821162e+002  7.1680678e+001 -1.8648426e+002  1.0000000e+000 -1.0000000e+000 -1.0000000e+000 -1.0000000e+000 -1.0000000e+000
 -1.9329643e+001 -1.7195176e+002 -2.1127837e+002  1.0000000e+000 -1.0000000e+000 -1.0000000e+000 -1.0000000e+000 -1.0000000e+000
  7.2047091e+001 -4.8558188e+000 -1.3662173e+002  1.0000000e+000 -1.0000000e+000 -1.0000000e+000 -1.0000000e+000 -1.0000000e+000
  1.0385170e+000 -1.8316876e+002 -9.7071744e+001  1.0000000e+000 -1.0000000e+000 -1.0000000e+000 -1.0000000e+000 -1.0000000e+000
  1.1266730e+002  3.0820118e+001 -5.6666324e+001  1.0000000e+000 -1.0000000e+000 -1.0000000e+000 -1.0000000e+000 -1.0000000e+000
  5.4397806e+001 -2.7669070e+001 -6.0124152e+001  1.0000000e+000 -1.0000000e+000 -1.0000000e+000 -1.0000000e+000 -1.0000000e+000
  5.3535849e+001 -2.4781529e+001 -6.8106522e+001  1.0000000e+000 -1.0000000e+000 -1.0000000e+000 -1.0000000e+000 -1.0000000e+000
  1.1827132e+000 -1.6462551e+002 -1.0433999e+002  1.0000000e+000 -1.0000000e+000 -1.0000000e+000 -1.0000000e+000 -1.0000000e+000
  3.3677780e+001 -4.9589431e+002  2.3942790e+002  1.0000000e+000 -1.0000000e+000 -1.0000000e+000 -1.0000000e+000 -1.0000000e+000
  1.0095726e+002 -3.8911330e+002  2.5248413e+002  1.0000000e+000 -1.0000000e+000 -1.0000000e+000 -1.0000000e+000 -1.0000000e+000
  2.2223868e+002 -4.1461524e+002  2.0239246e+002  1.0000000e+000 -1.0000000e+000 -1.0000000e+000 -1.0000000e+000 -1.0000000e+000
  7.5211962e+001 -4.2780688e+002  2.6256131e+002  1.0000000e+000 -1.0000000e+000 -1.0000000e+000 -1.0000000e+000 -1.0000000e+000
  2.5231404e+001 -4.9937627e+002  2.4500371e+002  1.0000000e+000 -1.0000000e+000 -1.0000000e+000 -1.0000000e+000 -1.0000000e+000
  9.6473631e+001 -4.4776899e+002  2.3993657e+002  1.0000000e+000 -1.0000000e+000 -1.0000000e+000 -1.0000000e+000 -1.0000000e+000
  3.8507830e+001 -4.5097112e+002  2.3582531e+002  1.0000000e+000 -1.0000000e+000 -1.0000000e+000 -1.0000000e+000 -1.0000000e+000
  2.2554153e+001 -4.5226572e+002  2.4524985e+002  1.0000000e+000 -1.0000000e+000 -1.0000000e+000 -1.0000000e+000 -1.0000000e+000
  3.3055231e+002 -3.2591134e+002  2.2967825e+002  1.0000000e+000 -1.0000000e+000 -1.0000000e+000 -1.0000000e+000 -1.0000000e+000
  2.7682026e+002 -2.4784956e+002  1.3376836e+002  1.0000000e+000 -1.0000000e+000 -1.0000000e+000 -1.0000000e+000 -1.0000000e+000
  2.4579175e+002 -3.7878238e+002  1.8823696e+002  1.0000000e+000 -1.0000000e+000 -1.0000000e+000 -1.0000000e+000 -1.0000000e+000
  3.2536054e+002 -6.6801119e+002 -2.4406512e+002  1.0000000e+000 -1.0000000e+000 -1.0000000e+000 -1.0000000e+000 -1.0000000e+000
  4.4292077e+002 -5.9554897e+002 -2.8425169e+002  1.0000000e+000 -1.0000000e+000 -1.0000000e+000 -1.0000000e+000 -1.0000000e+000
  1.2521356e+002 -6.2805801e+002 -6.6296672e+001  1.0000000e+000 -1.0000000e+000 -1.0000000e+000 -1.0000000e+000 -1.0000000e+000
  3.9270128e+002 -5.3702627e+002 -2.0807004e+002  1.0000000e+000 -1.0000000e+000 -1.0000000e+000 -1.0000000e+000 -1.0000000e+000
  4.1415375e+002 -4.2723432e+002 -2.0238095e+002  1.0000000e+000 -1.0000000e+000 -1.0000000e+000 -1.0000000e+000 -1.0000000e+000
  4.0954565e+002 -4.9332148e+002 -1.6865057e+002  1.0000000e+000 -1.0000000e+000 -1.0000000e+000 -1.0000000e+000 -1.0000000e+000
  2.0935677e+002 -6.8819201e+002 -3.8275713e+002  1.0000000e+000 -1.0000000e+000 -1.0000000e+000 -1.0000000e+000 -1.0000000e+000
  5.0644663e+002  1.8663453e+002 -4.9858357e+002 -1.0000000e+000  1.0000000e+000 -1.0000000e+000 -1.0000000e+000 -1.0000000e+000
  7.5852333e+002  4.5569270e+001 -2.1818240e+002 -1.0000000e+000  1.0000000e+000 -1.0000000e+000 -1.0000000e+000 -1.0000000e+000
  7.4673304e+002  7.9791457e+001 -2.3606227e+002 -1.0000000e+000  1.0000000e+000 -1.0000000e+000 -1.0000000e+000 -1.0000000e+000
  5.6942367e+002  2.0171339e+002 -5.1086786e+002 -1.0000000e+000  1.0000000e+000 -1.0000000e+000 -1.0000000e+000 -1.0000000e+000
  6.1607080e+002  1.5223890e+002 -4.8761085e+002 -1.0000000e+000  1.0000000e+000 -1.0000000e+000 -1.0000000e+000 -1.0000000e+000
  7.0272804e+002  1.9048131e+002 -2.5902637e+002 -1.0000000e+000  1.0000000e+000 -1.0000000e+000 -1.0000000e+000 -1.0000000e+000
  6.2437281e+002  1.1464515e+002 -5.2288305e+002 -1.0000000e+000  1.0000000e+000 -1.0000000e+000 -1.0000000e+000 -1.0000000e+000
  6.6709083e+002 -4.1966579e+000 -4.4259761e+002 -1.0000000e+000  1.0000000e+000 -1.0000000e+000 -1.0000000e+000 -1.0000000e+000
  5.3481458e+002  2.8790908e+002 -4.2318123e+002 -1.0000000e+000  1.0000000e+000 -1.0000000e+000 -1.0000000e+000 -1.0000000e+000
  3.9956222e+002  4.4156864e+002 -3.8427200e+002 -1.0000000e+000  1.0000000e+000 -1.0000000e+000 -1.0000000e+000 -1.0000000e+000
  5.0937388e+002  4.0474195e+002 -2.1091835e+002 -1.0000000e+000  1.0000000e+000 -1.0000000e+000 -1.0000000e+000 -1.0000000e+000
  4.4207128e+002  1.6294417e+002  2.8577594e+002 -1.0000000e+000  1.0000000e+000 -1.0000000e+000 -1.0000000e+000 -1.0000000e+000
  5.2391763e+002 -2.2765976e+001  2.6463971e+002 -1.0000000e+000  1.0000000e+000 -1.0000000e+000 -1.0000000e+000 -1.0000000e+000
  5.2480099e+002  3.8160706e+002  1.4957752e+002 -1.0000000e+000  1.0000000e+000 -1.0000000e+000 -1.0000000e+000 -1.0000000e+000
  5.4267818e+002  3.0021296e+002  2.6819508e+002 -1.0000000e+000  1.0000000e+000 -1.0000000e+000 -1.0000000e+000 -1.0000000e+000
  4.9865370e+002  3.4363085e+002  2.6207653e+002 -1.0000000e+000  1.0000000e+000 -1.0000000e+000 -1.0000000e+000 -1.0000000e+000
  5.3611284e+002  1.4983252e+001  2.8449513e+002 -1.0000000e+000  1.0000000e+000 -1.0000000e+000 -1.0000000e+000 -1.0000000e+000
  4.7082384e+002  3.4364690e+002  2.6839152e+002 -1.0000000e+000  1.0000000e+000 -1.0000000e+000 -1.0000000e+000 -1.0000000e+000
  5.2950874e+002  1.3612784e+002  3.2324804e+002 -1.0000000e+000  1.0000000e+000 -1.0000000e+000 -1.0000000e+000 -1.0000000e+000
  5.0120952e+002  3.1333631e+002  2.7032912e+002 -1.0000000e+000  1.0000000e+000 -1.0000000e+000 -1.0000000e+000 -1.0000000e+000
  5.1333025e+002 -3.7406271e+002  9.7490839e+001 -1.0000000e+000  1.0000000e+000 -1.0000000e+000 -1.0000000e+000 -1.0000000e+000
  5.9513856e+002 -1.4290120e+002  2.0023696e+002 -1.0000000e+000  1.0000000e+000 -1.0000000e+000 -1.0000000e+000 -1.0000000e+000
  5.3601300e+002  8.0981241e+001  1.6973369e+002 -1.0000000e+000  1.0000000e+000 -1.0000000e+000 -1.0000000e+000 -1.0000000e+000
  5.6675624e+002  2.4389320e+001  1.5812354e+002 -1.0000000e+000  1.0000000e+000 -1.0000000e+000 -1.0000000e+000 -1.0000000e+000
  5.1846306e+002  3.0261746e+001  1.5170248e+002 -1.0000000e+000  1.0000000e+000 -1.0000000e+000 -1.0000000e+000 -1.0000000e+000
  4.6552994e+002 -3.8300115e+002  5.8882552e+001 -1.0000000e+000  1.0000000e+000 -1.0000000e+000 -1.0000000e+000 -1.0000000e+000
  4.2399444e+002  3.1281515e+002  1.2362333e+002 -1.0000000e+000  1.0000000e+000 -1.0000000e+000 -1.0000000e+000 -1.0000000e+000
  5.0114112e+002  7.1295855e+001  1.3165800e+002 -1.0000000e+000  1.0000000e+000 -1.0000000e+000 -1.0000000e+000 -1.0000000e+000
  4.6605442e+002  1.2934910e+002  1.3552066e+002 -1.0000000e+000  1.0000000e+000 -1.0000000e+000 -1.0000000e+000 -1.0000000e+000
  4.8861775e+002  5.1573787e+001  1.4976873e+002 -1.0000000e+000  1.0000000e+000 -1.0000000e+000 -1.0000000e+000 -1.0000000e+000
  4.5535857e+002  3.3624522e+002  1.4776619e+002 -1.0000000e+000  1.0000000e+000 -1.0000000e+000 -1.0000000e+000 -1.0000000e+000
  5.2256779e+002  1.9493762e+002  2.2774440e+002 -1.0000000e+000  1.0000000e+000 -1.0000000e+000 -1.0000000e+000 -1.0000000e+000
  4.0806851e+002  2.2986040e+002  1.5038508e+002 -1.0000000e+000  1.0000000e+000 -1.0000000e+000 -1.0000000e+000 -1.0000000e+000
  4.9074383e+002  1.4098096e+002  1.7182943e+002 -1.0000000e+000  1.0000000e+000 -1.0000000e+000 -1.0000000e+000 -1.0000000e+000
  5.2746340e+002  7.6111556e+001  1.7823413e+002 -1.0000000e+000  1.0000000e+000 -1.0000000e+000 -1.0000000e+000 -1.0000000e+000
  5.4156191e+002  2.5436831e+002  2.1351870e+002 -1.0000000e+000  1.0000000e+000 -1.0000000e+000 -1.0000000e+000 -1.0000000e+000
  5.5147368e+002  6.0559739e+001  1.7099525e+002 -1.0000000e+000  1.0000000e+000 -1.0000000e+000 -1.0000000e+000 -1.0000000e+000
  4.6796150e+002  3.6899162e+002  1.2210270e+002 -1.0000000e+000  1.0000000e+000 -1.0000000e+000 -1.0000000e+000 -1.0000000e+000
  5.4938272e+002  9.7104943e+001  1.5700848e+002 -1.0000000e+000  1.0000000e+000 -1.0000000e+000 -1.0000000e+000 -1.0000000e+000
  4.7584534e+002  3.6462442e+002  1.3642297e+002 -1.0000000e+000  1.0000000e+000 -1.0000000e+000 -1.0000000e+000 -1.0000000e+000
  4.4946515e+002  3.7764607e+002  1.2215076e+002 -1.0000000e+000  1.0000000e+000 -1.0000000e+000 -1.0000000e+000 -1.0000000e+000
  5.8978422e+002 -1.4475599e+001  1.1399268e+002 -1.0000000e+000  1.0000000e+000 -1.0000000e+000 -1.0000000e+000 -1.0000000e+000
  4.9288048e+002 -2.2400107e+002  7.5851309e+000 -1.0000000e+000  1.0000000e+000 -1.0000000e+000 -1.0000000e+000 -1.0000000e+000
  5.2489750e+002  5.8560663e+001  1.6771492e+002 -1.0000000e+000  1.0000000e+000 -1.0000000e+000 -1.0000000e+000 -1.0000000e+000
  5.3023314e+002  2.1955643e+002  2.1635911e+002 -1.0000000e+000  1.0000000e+000 -1.0000000e+000 -1.0000000e+000 -1.0000000e+000
  5.2481490e+002  9.2667495e+001  1.6282109e+002 -1.0000000e+000  1.0000000e+000 -1.0000000e+000 -1.0000000e+000 -1.0000000e+000
  5.2873799e+002  8.1029930e+001  1.5956561e+002 -1.0000000e+000  1.0000000e+000 -1.0000000e+000 -1.0000000e+000 -1.0000000e+000
  5.2371249e+002  8.8312679e+001  1.5041359e+002 -1.0000000e+000  1.0000000e+000 -1.0000000e+000 -1.0000000e+000 -1.0000000e+000
  4.6622104e+002  3.5669367e+002  1.2184021e+002 -1.0000000e+000  1.0000000e+000 -1.0000000e+000 -1.0000000e+000 -1.0000000e+000
  4.9106430e+002  3.2830183e+002  1.2872135e+002 -1.0000000e+000  1.0000000e+000 -1.0000000e+000 -1.0000000e+000 -1.0000000e+000
 -3.6647314e+002 -7.3202520e+001 -3.8684741e+002 -1.0000000e+000  1.0000000e+000 -1.0000000e+000 -1.0000000e+000 -1.0000000e+000
 -4.7396879e-001 -5.0961336e+002  7.3508261e+002 -1.0000000e+000 -1.0000000e+000  1.0000000e+000 -1.0000000e+000 -1.0000000e+000
  3.7952724e+001 -6.1531096e+002  1.0234619e+003 -1.0000000e+000 -1.0000000e+000  1.0000000e+000 -1.0000000e+000 -1.0000000e+000
  4.4638467e+002 -4.6814169e+002  1.0938234e+003 -1.0000000e+000 -1.0000000e+000  1.0000000e+000 -1.0000000e+000 -1.0000000e+000
  4.6629619e+001 -3.5056714e+002  9.3216839e+002 -1.0000000e+000 -1.0000000e+000  1.0000000e+000 -1.0000000e+000 -1.0000000e+000
  6.1027290e+001 -5.2018720e+002  1.2485302e+003 -1.0000000e+000 -1.0000000e+000  1.0000000e+000 -1.0000000e+000 -1.0000000e+000
  1.3265979e+001 -3.1969515e+002  1.3196745e+003 -1.0000000e+000 -1.0000000e+000  1.0000000e+000 -1.0000000e+000 -1.0000000e+000
  1.6598200e+000 -3.9198590e+002  8.6966965e+002 -1.0000000e+000 -1.0000000e+000  1.0000000e+000 -1.0000000e+000 -1.0000000e+000
  6.1999353e+001 -2.3101168e+002  1.5366991e+003 -1.0000000e+000 -1.0000000e+000  1.0000000e+000 -1.0000000e+000 -1.0000000e+000
  1.0086569e+002 -3.7788187e+002  1.5358584e+003 -1.0000000e+000 -1.0000000e+000  1.0000000e+000 -1.0000000e+000 -1.0000000e+000
  2.8244388e+002 -3.6661946e+002  1.2215735e+003 -1.0000000e+000 -1.0000000e+000  1.0000000e+000 -1.0000000e+000 -1.0000000e+000
  5.4700609e+001 -3.1962033e+002  1.4528911e+003 -1.0000000e+000 -1.0000000e+000  1.0000000e+000 -1.0000000e+000 -1.0000000e+000
  7.5233239e+001 -4.4892643e+002  9.4552844e+002 -1.0000000e+000 -1.0000000e+000  1.0000000e+000 -1.0000000e+000 -1.0000000e+000
  1.8325456e+002 -4.5738204e+002  1.2790761e+003 -1.0000000e+000 -1.0000000e+000  1.0000000e+000 -1.0000000e+000 -1.0000000e+000
  1.9289780e+002 -3.2912203e+002  1.3783047e+003 -1.0000000e+000 -1.0000000e+000  1.0000000e+000 -1.0000000e+000 -1.0000000e+000
 -2.6093983e+000 -3.8687491e+002  1.3973005e+003 -1.0000000e+000 -1.0000000e+000  1.0000000e+000 -1.0000000e+000 -1.0000000e+000
  1.5436548e+002 -4.3453104e+002  1.4002443e+003 -1.0000000e+000 -1.0000000e+000  1.0000000e+000 -1.0000000e+000 -1.0000000e+000
  3.2212939e+002 -4.8026760e+002  1.1747289e+003 -1.0000000e+000 -1.0000000e+000  1.0000000e+000 -1.0000000e+000 -1.0000000e+000
  8.4640561e+001 -5.1793729e+002  8.4796936e+002 -1.0000000e+000 -1.0000000e+000  1.0000000e+000 -1.0000000e+000 -1.0000000e+000
  6.2799186e+001 -4.0149974e+002  6.6193730e+002 -1.0000000e+000 -1.0000000e+000  1.0000000e+000 -1.0000000e+000 -1.0000000e+000
  8.4701637e+001 -3.6418543e+002  8.0208119e+002 -1.0000000e+000 -1.0000000e+000  1.0000000e+000 -1.0000000e+000 -1.0000000e+000
 -2.2476262e+002 -3.3550501e+002  1.1987617e+003 -1.0000000e+000 -1.0000000e+000  1.0000000e+000 -1.0000000e+000 -1.0000000e+000
 -1.5435718e+002 -3.5151817e+002  1.3067923e+003 -1.0000000e+000 -1.0000000e+000  1.0000000e+000 -1.0000000e+000 -1.0000000e+000
  1.8116467e+002 -6.4434272e+002  8.1557407e+002 -1.0000000e+000 -1.0000000e+000  1.0000000e+000 -1.0000000e+000 -1.0000000e+000
 -1.6763544e+001 -7.6203860e+002  1.2338537e+003 -1.0000000e+000 -1.0000000e+000  1.0000000e+000 -1.0000000e+000 -1.0000000e+000
  8.4560478e+001 -7.6324790e+002  1.1370132e+003 -1.0000000e+000 -1.0000000e+000  1.0000000e+000 -1.0000000e+000 -1.0000000e+000
  3.6585961e+001 -6.1973464e+002  9.2333536e+002 -1.0000000e+000 -1.0000000e+000  1.0000000e+000 -1.0000000e+000 -1.0000000e+000
 -9.0847028e+001 -7.1141476e+002  1.2566412e+003 -1.0000000e+000 -1.0000000e+000  1.0000000e+000 -1.0000000e+000 -1.0000000e+000
  5.5995460e+001 -6.2175460e+002  9.2606776e+002 -1.0000000e+000 -1.0000000e+000  1.0000000e+000 -1.0000000e+000 -1.0000000e+000
  7.1356006e+001 -7.2824068e+002  1.2636286e+003 -1.0000000e+000 -1.0000000e+000  1.0000000e+000 -1.0000000e+000 -1.0000000e+000
  1.2698578e+002 -6.4088078e+002  1.4285298e+003 -1.0000000e+000 -1.0000000e+000  1.0000000e+000 -1.0000000e+000 -1.0000000e+000
  1.3309985e+002 -3.8966757e+002  1.6382961e+003 -1.0000000e+000 -1.0000000e+000  1.0000000e+000 -1.0000000e+000 -1.0000000e+000
  2.4376354e+001 -6.2313173e+002  1.4633658e+003 -1.0000000e+000 -1.0000000e+000  1.0000000e+000 -1.0000000e+000 -1.0000000e+000
  6.7196086e+001 -7.2326300e+002  1.2248376e+003 -1.0000000e+000 -1.0000000e+000  1.0000000e+000 -1.0000000e+000 -1.0000000e+000
 -8.8680597e+001 -7.3210211e+002  1.2533426e+003 -1.0000000e+000 -1.0000000e+000  1.0000000e+000 -1.0000000e+000 -1.0000000e+000
 -1.7444121e+001 -6.0685565e+002  1.3854871e+003 -1.0000000e+000 -1.0000000e+000  1.0000000e+000 -1.0000000e+000 -1.0000000e+000
  1.0141130e+002 -7.4301520e+002  1.2247876e+003 -1.0000000e+000 -1.0000000e+000  1.0000000e+000 -1.0000000e+000 -1.0000000e+000
  1.2413360e+002 -7.3638792e+002  1.2242108e+003 -1.0000000e+000 -1.0000000e+000  1.0000000e+000 -1.0000000e+000 -1.0000000e+000
  5.5892974e+001 -7.3227809e+002  1.1127780e+003 -1.0000000e+000 -1.0000000e+000  1.0000000e+000 -1.0000000e+000 -1.0000000e+000
  8.3511002e+001 -7.4478157e+002  1.2349000e+003 -1.0000000e+000 -1.0000000e+000  1.0000000e+000 -1.0000000e+000 -1.0000000e+000
  6.7551073e+001 -7.7808624e+002  1.0312316e+003 -1.0000000e+000 -1.0000000e+000  1.0000000e+000 -1.0000000e+000 -1.0000000e+000
  1.1134401e+001 -7.4677085e+002  1.2499586e+003 -1.0000000e+000 -1.0000000e+000  1.0000000e+000 -1.0000000e+000 -1.0000000e+000
  1.5251969e+002 -7.5090842e+002  1.1589200e+003 -1.0000000e+000 -1.0000000e+000  1.0000000e+000 -1.0000000e+000 -1.0000000e+000
  1.5391014e+001 -7.0896839e+002  1.3432192e+003 -1.0000000e+000 -1.0000000e+000  1.0000000e+000 -1.0000000e+000 -1.0000000e+000
  2.1250983e+002 -6.1913174e+002  7.9564078e+002 -1.0000000e+000 -1.0000000e+000  1.0000000e+000 -1.0000000e+000 -1.0000000e+000
  5.7237651e+002 -4.8773556e+002  1.2029900e+003 -1.0000000e+000 -1.0000000e+000  1.0000000e+000 -1.0000000e+000 -1.0000000e+000
  1.6320192e+002 -7.0115337e+002  9.3421712e+002 -1.0000000e+000 -1.0000000e+000  1.0000000e+000 -1.0000000e+000 -1.0000000e+000
  3.8398409e+000 -7.6916880e+002  1.2111048e+003 -1.0000000e+000 -1.0000000e+000  1.0000000e+000 -1.0000000e+000 -1.0000000e+000
 -4.3273116e+001 -3.0415077e+002  8.2337947e+002 -1.0000000e+000 -1.0000000e+000  1.0000000e+000 -1.0000000e+000 -1.0000000e+000
 -3.7720890e+001 -3.5391298e+002  1.0060236e+003 -1.0000000e+000 -1.0000000e+000  1.0000000e+000 -1.0000000e+000 -1.0000000e+000
  2.2997239e+001 -2.6888138e+002  9.3126838e+002 -1.0000000e+000 -1.0000000e+000  1.0000000e+000 -1.0000000e+000 -1.0000000e+000
  2.7773979e+001 -4.0111350e+002  9.4999280e+002 -1.0000000e+000 -1.0000000e+000  1.0000000e+000 -1.0000000e+000 -1.0000000e+000
 -2.0671958e+002  1.8763927e+002 -4.2780334e+002 -1.0000000e+000 -1.0000000e+000 -1.0000000e+000  1.0000000e+000 -1.0000000e+000
 -1.7913954e+002  1.0550590e+002 -4.7964114e+002 -1.0000000e+000 -1.0000000e+000 -1.0000000e+000  1.0000000e+000 -1.0000000e+000
 -1.8534013e+002  1.4313229e+002 -5.0148191e+002 -1.0000000e+000 -1.0000000e+000 -1.0000000e+000  1.0000000e+000 -1.0000000e+000
 -1.3293951e+002 -7.9605980e+001 -4.2364811e+002 -1.0000000e+000 -1.0000000e+000 -1.0000000e+000  1.0000000e+000 -1.0000000e+000
  4.5495007e+001 -1.1799343e+002 -5.0247446e+002 -1.0000000e+000 -1.0000000e+000 -1.0000000e+000  1.0000000e+000 -1.0000000e+000
  1.5166658e+002 -5.0673626e+001 -5.3750675e+002 -1.0000000e+000 -1.0000000e+000 -1.0000000e+000  1.0000000e+000 -1.0000000e+000
  1.4096059e+002  3.4496558e+001 -5.2444130e+002 -1.0000000e+000 -1.0000000e+000 -1.0000000e+000  1.0000000e+000 -1.0000000e+000
  1.0893245e+001 -6.2474025e+001 -4.8515302e+002 -1.0000000e+000 -1.0000000e+000 -1.0000000e+000  1.0000000e+000 -1.0000000e+000
  1.2960780e+002  6.6885244e+002 -2.1453600e+002 -1.0000000e+000 -1.0000000e+000 -1.0000000e+000  1.0000000e+000 -1.0000000e+000
 -7.3355090e+001  3.5341603e+002 -3.9095747e+002 -1.0000000e+000 -1.0000000e+000 -1.0000000e+000  1.0000000e+000 -1.0000000e+000
 -9.8471723e+001  3.3781842e+002 -4.3181681e+002 -1.0000000e+000 -1.0000000e+000 -1.0000000e+000  1.0000000e+000 -1.0000000e+000
 -2.4469512e+002  2.8696938e+002 -4.1173110e+002 -1.0000000e+000 -1.0000000e+000 -1.0000000e+000  1.0000000e+000 -1.0000000e+000
  9.3485825e+000  2.5566489e+002 -4.5889554e+002 -1.0000000e+000 -1.0000000e+000 -1.0000000e+000  1.0000000e+000 -1.0000000e+000
  1.6230506e+002  5.3512496e+002 -2.1152294e+002 -1.0000000e+000 -1.0000000e+000 -1.0000000e+000  1.0000000e+000 -1.0000000e+000
  2.3836702e+002  5.6076158e+002 -2.1691302e+002 -1.0000000e+000 -1.0000000e+000 -1.0000000e+000  1.0000000e+000 -1.0000000e+000
 -1.3238184e+002  8.3960916e+001 -4.6756725e+002 -1.0000000e+000 -1.0000000e+000 -1.0000000e+000  1.0000000e+000 -1.0000000e+000
 -1.7424935e+002  1.4721995e+002 -4.8510777e+002 -1.0000000e+000 -1.0000000e+000 -1.0000000e+000  1.0000000e+000 -1.0000000e+000
 -1.6323161e+002  6.9458246e+001 -4.5983496e+002 -1.0000000e+000 -1.0000000e+000 -1.0000000e+000  1.0000000e+000 -1.0000000e+000
 -8.3333654e+001  4.1851596e+001  3.9483491e+002 -1.0000000e+000 -1.0000000e+000 -1.0000000e+000  1.0000000e+000 -1.0000000e+000
 -5.4963331e+001  6.8476637e+001  4.0344969e+002 -1.0000000e+000 -1.0000000e+000 -1.0000000e+000  1.0000000e+000 -1.0000000e+000
 -6.9138405e+001  6.1004068e+001  4.2006063e+002 -1.0000000e+000 -1.0000000e+000 -1.0000000e+000  1.0000000e+000 -1.0000000e+000
 -9.3684102e+001  4.6150364e+001  3.7724700e+002 -1.0000000e+000 -1.0000000e+000 -1.0000000e+000  1.0000000e+000 -1.0000000e+000
 -9.9961793e+001  3.2859492e+002 -2.6685591e+002 -1.0000000e+000 -1.0000000e+000 -1.0000000e+000  1.0000000e+000 -1.0000000e+000
 -1.0272616e+002  3.1857921e+002 -3.7828972e+002 -1.0000000e+000 -1.0000000e+000 -1.0000000e+000  1.0000000e+000 -1.0000000e+000
 -1.0543039e+002  2.3876504e+002 -3.8593190e+002 -1.0000000e+000 -1.0000000e+000 -1.0000000e+000  1.0000000e+000 -1.0000000e+000
 -1.1887708e+002  2.6780941e+002 -3.9665154e+002 -1.0000000e+000 -1.0000000e+000 -1.0000000e+000  1.0000000e+000 -1.0000000e+000
 -8.5284610e+001 -2.7633124e+002 -3.5105401e+002 -1.0000000e+000 -1.0000000e+000 -1.0000000e+000  1.0000000e+000 -1.0000000e+000
 -1.5134767e+002  3.4847799e+002 -3.8456441e+002 -1.0000000e+000 -1.0000000e+000 -1.0000000e+000  1.0000000e+000 -1.0000000e+000
 -1.5760798e+002  2.6387453e+002 -3.9591482e+002 -1.0000000e+000 -1.0000000e+000 -1.0000000e+000  1.0000000e+000 -1.0000000e+000
  1.1532540e+001  1.8618209e+002 -4.1848518e+002 -1.0000000e+000 -1.0000000e+000 -1.0000000e+000  1.0000000e+000 -1.0000000e+000
  5.8671921e+001  2.3623825e+002 -4.3845914e+002 -1.0000000e+000 -1.0000000e+000 -1.0000000e+000  1.0000000e+000 -1.0000000e+000
 -1.0267100e+002  4.7767010e+002 -3.5482257e+002 -1.0000000e+000 -1.0000000e+000 -1.0000000e+000  1.0000000e+000 -1.0000000e+000
 -3.3188495e+001  5.0518593e+002 -3.2314458e+002 -1.0000000e+000 -1.0000000e+000 -1.0000000e+000  1.0000000e+000 -1.0000000e+000
 -2.0900075e+002  3.9769710e+002 -3.8389268e+002 -1.0000000e+000 -1.0000000e+000 -1.0000000e+000  1.0000000e+000 -1.0000000e+000
 -2.1958989e+002  3.6944779e+002 -3.9439243e+002 -1.0000000e+000 -1.0000000e+000 -1.0000000e+000  1.0000000e+000 -1.0000000e+000
 -2.2695663e+002  2.6960585e+002 -4.0277788e+002 -1.0000000e+000 -1.0000000e+000 -1.0000000e+000  1.0000000e+000 -1.0000000e+000
 -1.4791914e+002  3.9130966e+002 -4.0030329e+002 -1.0000000e+000 -1.0000000e+000 -1.0000000e+000  1.0000000e+000 -1.0000000e+000
 -2.0830616e+002  3.4226644e+002 -4.0400597e+002 -1.0000000e+000 -1.0000000e+000 -1.0000000e+000  1.0000000e+000 -1.0000000e+000
 -1.6838813e+002  2.2955472e+002 -3.8041512e+002 -1.0000000e+000 -1.0000000e+000 -1.0000000e+000  1.0000000e+000 -1.0000000e+000
 -4.9105028e+001  4.3918741e+002 -3.7778542e+002 -1.0000000e+000 -1.0000000e+000 -1.0000000e+000  1.0000000e+000 -1.0000000e+000
  1.1213971e+002  8.4567661e+001 -4.9981215e+002 -1.0000000e+000 -1.0000000e+000 -1.0000000e+000  1.0000000e+000 -1.0000000e+000
  1.5732793e+001  3.7569627e+002 -4.0800414e+002 -1.0000000e+000 -1.0000000e+000 -1.0000000e+000  1.0000000e+000 -1.0000000e+000
 -1.3862159e+002  2.7344163e+002 -4.5695928e+002 -1.0000000e+000 -1.0000000e+000 -1.0000000e+000  1.0000000e+000 -1.0000000e+000
  1.2227609e+002  5.4793822e+001 -5.0786628e+002 -1.0000000e+000 -1.0000000e+000 -1.0000000e+000  1.0000000e+000 -1.0000000e+000
  1.4198062e+002  7.0500418e+000 -5.0931247e+002 -1.0000000e+000 -1.0000000e+000 -1.0000000e+000  1.0000000e+000 -1.0000000e+000
 -1.8023092e+002  1.1164346e+002 -4.3558944e+002 -1.0000000e+000 -1.0000000e+000 -1.0000000e+000  1.0000000e+000 -1.0000000e+000
 -1.6633494e+001  2.2031657e+002 -4.9035152e+002 -1.0000000e+000 -1.0000000e+000 -1.0000000e+000  1.0000000e+000 -1.0000000e+000
  1.1469042e+001  1.6022726e+002 -5.1419190e+002 -1.0000000e+000 -1.0000000e+000 -1.0000000e+000  1.0000000e+000 -1.0000000e+000
 -1.4204304e+002  1.8472222e+002 -4.9170082e+002 -1.0000000e+000 -1.0000000e+000 -1.0000000e+000  1.0000000e+000 -1.0000000e+000
 -1.7907910e+002 -7.0595936e+001 -4.1243602e+002 -1.0000000e+000 -1.0000000e+000 -1.0000000e+000  1.0000000e+000 -1.0000000e+000
  1.6191066e-001 -2.0993898e+002 -4.2127504e+002 -1.0000000e+000 -1.0000000e+000 -1.0000000e+000  1.0000000e+000 -1.0000000e+000
 -1.4323272e+002  1.3315946e+002  4.5118013e+002 -1.0000000e+000 -1.0000000e+000 -1.0000000e+000 -1.0000000e+000  1.0000000e+000
 -1.4319312e+002  1.4376721e+002  4.5212011e+002 -1.0000000e+000 -1.0000000e+000 -1.0000000e+000 -1.0000000e+000  1.0000000e+000
 -1.4585871e+002  1.6468305e+002  4.4205801e+002 -1.0000000e+000 -1.0000000e+000 -1.0000000e+000 -1.0000000e+000  1.0000000e+000
 -1.3511972e+002  1.7228019e+002  2.1629096e+002 -1.0000000e+000 -1.0000000e+000 -1.0000000e+000 -1.0000000e+000  1.0000000e+000
 -1.6241855e+002  7.7189899e+001  2.0273478e+002 -1.0000000e+000 -1.0000000e+000 -1.0000000e+000 -1.0000000e+000  1.0000000e+000
 -1.9101246e+002  3.0242233e+001  2.9466356e+002 -1.0000000e+000 -1.0000000e+000 -1.0000000e+000 -1.0000000e+000  1.0000000e+000
 -1.5437053e+002  1.5642309e+002  1.6543033e+002 -1.0000000e+000 -1.0000000e+000 -1.0000000e+000 -1.0000000e+000  1.0000000e+000
 -1.2673491e+002  4.2986439e+001  2.4652143e+002 -1.0000000e+000 -1.0000000e+000 -1.0000000e+000 -1.0000000e+000  1.0000000e+000
 -1.6571441e+002  1.9811155e+001  2.7434899e+002 -1.0000000e+000 -1.0000000e+000 -1.0000000e+000 -1.0000000e+000  1.0000000e+000
 -9.1401637e+001  1.1514236e+003  6.8622674e+001 -1.0000000e+000 -1.0000000e+000 -1.0000000e+000 -1.0000000e+000  1.0000000e+000
 -3.1856239e+002  1.1613904e+003  3.5217129e+002 -1.0000000e+000 -1.0000000e+000 -1.0000000e+000 -1.0000000e+000  1.0000000e+000
 -5.5322155e+001  1.2959899e+003  9.1018043e+001 -1.0000000e+000 -1.0000000e+000 -1.0000000e+000 -1.0000000e+000  1.0000000e+000
 -9.9469071e+000  1.1913399e+003 -1.4560944e+001 -1.0000000e+000 -1.0000000e+000 -1.0000000e+000 -1.0000000e+000  1.0000000e+000
  3.4613875e+001  1.2595813e+003  1.1731950e+002 -1.0000000e+000 -1.0000000e+000 -1.0000000e+000 -1.0000000e+000  1.0000000e+000
  6.5427934e+001  1.1806775e+003 -4.1128617e+001 -1.0000000e+000 -1.0000000e+000 -1.0000000e+000 -1.0000000e+000  1.0000000e+000
  2.3595175e+001  1.1790558e+003 -1.7145321e+001 -1.0000000e+000 -1.0000000e+000 -1.0000000e+000 -1.0000000e+000  1.0000000e+000
  1.1833899e+002  1.2851344e+003  1.8575591e+001 -1.0000000e+000 -1.0000000e+000 -1.0000000e+000 -1.0000000e+000  1.0000000e+000
  1.0276307e+000  1.2723449e+003  1.5423861e+002 -1.0000000e+000 -1.0000000e+000 -1.0000000e+000 -1.0000000e+000  1.0000000e+000
  5.8338844e+001  1.1993337e+003 -4.8126285e+001 -1.0000000e+000 -1.0000000e+000 -1.0000000e+000 -1.0000000e+000  1.0000000e+000
  1.1952167e+002  9.5492282e+002 -4.2404517e+001 -1.0000000e+000 -1.0000000e+000 -1.0000000e+000 -1.0000000e+000  1.0000000e+000
  1.5480326e+002  1.3248490e+003  7.0373207e+002 -1.0000000e+000 -1.0000000e+000 -1.0000000e+000 -1.0000000e+000  1.0000000e+000
  3.9278558e+000  1.3377367e+003  5.6073972e+002 -1.0000000e+000 -1.0000000e+000 -1.0000000e+000 -1.0000000e+000  1.0000000e+000
 -3.2762973e+002  1.2386793e+003  3.3808965e+002 -1.0000000e+000 -1.0000000e+000 -1.0000000e+000 -1.0000000e+000  1.0000000e+000
 -4.1035531e+002  8.8418654e+002  3.6574937e+002 -1.0000000e+000 -1.0000000e+000 -1.0000000e+000 -1.0000000e+000  1.0000000e+000
 -2.5730377e+002  1.3049279e+003  5.6802912e+002 -1.0000000e+000 -1.0000000e+000 -1.0000000e+000 -1.0000000e+000  1.0000000e+000
 -3.9654250e+002  1.2075500e+003  5.7474813e+002 -1.0000000e+000 -1.0000000e+000 -1.0000000e+000 -1.0000000e+000  1.0000000e+000
 -4.6826166e+002  1.1021066e+003  3.6469215e+002 -1.0000000e+000 -1.0000000e+000 -1.0000000e+000 -1.0000000e+000  1.0000000e+000
 -4.4357894e+002  8.1395863e+002  4.8935886e+002 -1.0000000e+000 -1.0000000e+000 -1.0000000e+000 -1.0000000e+000  1.0000000e+000
 -3.7412555e+002  8.4289681e+002  2.9051689e+002 -1.0000000e+000 -1.0000000e+000 -1.0000000e+000 -1.0000000e+000  1.0000000e+000
 -4.0526660e+002  9.5816617e+002  4.2563302e+002 -1.0000000e+000 -1.0000000e+000 -1.0000000e+000 -1.0000000e+000  1.0000000e+000
  9.9674433e+002  9.6220597e+002 -7.7179487e+001 -1.0000000e+000 -1.0000000e+000 -1.0000000e+000 -1.0000000e+000  1.0000000e+000
  6.0872087e+001  8.7376720e+002  1.3533545e+003 -1.0000000e+000 -1.0000000e+000 -1.0000000e+000 -1.0000000e+000  1.0000000e+000
  3.0210105e+002  6.7835628e+002  1.4408019e+003 -1.0000000e+000 -1.0000000e+000 -1.0000000e+000 -1.0000000e+000  1.0000000e+000
  2.7028372e+002  7.4181669e+002  1.4375275e+003 -1.0000000e+000 -1.0000000e+000 -1.0000000e+000 -1.0000000e+000  1.0000000e+000
  1.5470284e+002  6.6465597e+002  1.3845628e+003 -1.0000000e+000 -1.0000000e+000 -1.0000000e+000 -1.0000000e+000  1.0000000e+000
 -5.8938358e+001  8.3197374e+002  1.2794171e+003 -1.0000000e+000 -1.0000000e+000 -1.0000000e+000 -1.0000000e+000  1.0000000e+000
  1.0800536e+002  8.5684411e+002  1.3799899e+003 -1.0000000e+000 -1.0000000e+000 -1.0000000e+000 -1.0000000e+000  1.0000000e+000
 -5.9583575e+001  1.0023388e+003  1.1828307e+003 -1.0000000e+000 -1.0000000e+000 -1.0000000e+000 -1.0000000e+000  1.0000000e+000
 -2.6871749e+002  7.2925434e+002  1.0592030e+003 -1.0000000e+000 -1.0000000e+000 -1.0000000e+000 -1.0000000e+000  1.0000000e+000
  4.2969400e+001  8.8923024e+002  1.3691935e+003 -1.0000000e+000 -1.0000000e+000 -1.0000000e+000 -1.0000000e+000  1.0000000e+000
  3.9497169e+001  8.9790272e+002  1.3660766e+003 -1.0000000e+000 -1.0000000e+000 -1.0000000e+000 -1.0000000e+000  1.0000000e+000
 -6.4421176e+000  9.6100470e+002  1.3063311e+003 -1.0000000e+000 -1.0000000e+000 -1.0000000e+000 -1.0000000e+000  1.0000000e+000
 -9.7735990e+001  9.8301414e+002  1.1773658e+003 -1.0000000e+000 -1.0000000e+000 -1.0000000e+000 -1.0000000e+000  1.0000000e+000
 -7.0169418e+001  9.4596134e+002  1.2686876e+003 -1.0000000e+000 -1.0000000e+000 -1.0000000e+000 -1.0000000e+000  1.0000000e+000
 -1.8280942e+002  1.0594908e+003  1.2046234e+003 -1.0000000e+000 -1.0000000e+000 -1.0000000e+000 -1.0000000e+000  1.0000000e+000
 -2.3614420e+002  1.0209746e+003  1.1240175e+003 -1.0000000e+000 -1.0000000e+000 -1.0000000e+000 -1.0000000e+000  1.0000000e+000
 -3.3274915e+002  1.1209671e+003  8.6364142e+002 -1.0000000e+000 -1.0000000e+000 -1.0000000e+000 -1.0000000e+000  1.0000000e+000
 -3.8640938e+002  8.4321558e+002  7.8740174e+002 -1.0000000e+000 -1.0000000e+000 -1.0000000e+000 -1.0000000e+000  1.0000000e+000
 -4.3304635e+002  6.9631942e+002  7.0705650e+002 -1.0000000e+000 -1.0000000e+000 -1.0000000e+000 -1.0000000e+000  1.0000000e+000
 -3.9099133e+002  7.3743244e+002  8.8385538e+002 -1.0000000e+000 -1.0000000e+000 -1.0000000e+000 -1.0000000e+000  1.0000000e+000
  9.2197519e+002  3.5732674e+002  4.2110506e+002 -1.0000000e+000 -1.0000000e+000 -1.0000000e+000 -1.0000000e+000  1.0000000e+000
