  5.3995449e+000  1.6570326e+002 -2.7102976e+002  3.6294136e+002 -4.2569551e+002 -6.5385805e+002  2.2901884e+002 -8.2697910e+000  3.4105276e+002 -1.9427800e+002  2.0270959e+002 -7.2140509e+001  1.6261753e+002  2.6882839e+002 -1.4169386e+002  4.7259240e+002 -1.1687526e+003 -9.6942538e+002  2.1302521e+002 -4.6385788e+002  1.0000000e+000 -1.0000000e+000
  5.6771307e+001  1.5064161e+002 -2.0511830e+002  3.0010888e+002 -3.2220321e+002 -5.6928460e+002  1.3487261e+002  1.8890642e+001  3.4447094e+002 -1.5745573e+002  1.6163060e+002 -3.8900375e+001  1.5799508e+002  2.0897189e+002 -1.2058860e+002  3.8131453e+002 -1.2968277e+003 -1.4051212e+003  3.4512535e+002 -4.1651003e+002  1.0000000e+000 -1.0000000e+000
 -2.0383636e+000  1.2578783e+002 -2.6054689e+002  3.5161522e+002 -3.7519342e+002 -6.2742997e+002  1.4990859e+002  5.7010122e+001  3.6551335e+002 -2.3752764e+002  1.7425194e+002 -9.4404569e+001  1.8651155e+002  2.3395519e+002 -1.5839326e+002  6.7922197e+002 -1.5032142e+003 -1.3734672e+003  2.5534376e+002 -2.6673800e+002  1.0000000e+000 -1.0000000e+000
 -1.7716495e+001  1.5449592e+002 -2.7365825e+002  3.5645135e+002 -3.9968134e+002 -6.2363330e+002  1.9228337e+002  1.6659756e+001  3.2246247e+002 -2.2255090e+002  2.4033000e+002 -4.6221794e+001  3.0657921e+002  2.6675093e+002 -1.1306993e+002  5.2986429e+002 -1.5097039e+003 -1.3834972e+003  2.9162065e+002 -2.7237998e+002  1.0000000e+000 -1.0000000e+000
  3.5895557e+001  1.2163722e+002 -2.9540709e+002  3.3651021e+002 -4.2076877e+002 -6.2488379e+002  2.0561949e+002  3.2128164e+001  3.6381955e+002 -1.9751170e+002  2.3075446e+002 -1.0298036e+002  2.0315925e+002  3.0575762e+002 -2.1736895e+002  4.6359568e+002 -1.3726278e+003 -1.5457348e+003  2.7587114e+002 -4.6912922e+002  1.0000000e+000 -1.0000000e+000
  1.0881178e+001  1.8555221e+002 -2.8782443e+002  3.3964112e+002 -3.7685953e+002 -6.5225190e+002  1.9037098e+002 -4.3269391e+001  3.5515592e+002 -1.8076136e+002  1.6116081e+002 -9.6971351e+001  2.0377455e+002  2.7593946e+002 -1.6635789e+002  5.0454422e+002 -1.4029465e+003 -1.5514476e+003  2.0017324e+002 -5.0677260e+002  1.0000000e+000 -1.0000000e+000
  7.3894797e+000  1.3122781e+002 -2.0978558e+002  3.4258858e+002 -3.6766335e+002 -6.3050466e+002  1.9875028e+002 -2.8917257e+001  3.4438289e+002 -2.0463060e+002  2.5683975e+002 -3.8307431e+001  2.8834246e+002  2.0745226e+002 -1.0507604e+002  4.7485764e+002 -1.4871769e+003 -1.4178112e+003  2.9098425e+002 -3.0479284e+002  1.0000000e+000 -1.0000000e+000
  2.4216931e+001  2.0500931e+002 -2.5615862e+002  3.4400631e+002 -3.3534058e+002 -6.4484769e+002  1.6965034e+002 -2.8791028e+001  3.6875484e+002 -1.8710226e+002  2.7370514e+002 -1.1127706e+002  2.2072940e+002  3.3845189e+002 -1.8474080e+002  5.2070607e+002 -1.3307168e+003 -1.5365515e+003  1.5550859e+002 -4.9406592e+002  1.0000000e+000 -1.0000000e+000
  8.4805073e+001  8.9157824e+001 -3.0412602e+002  3.1705480e+002 -3.9698779e+002 -6.5147419e+002  1.8653916e+002 -1.2443629e+001  3.3552877e+002 -1.9020268e+002  2.5286762e+002 -7.4407189e+000  2.0001517e+002  2.2317308e+002  8.7079333e+000  6.9977311e+002 -1.3480708e+003 -1.4964285e+003  2.3710518e+002 -6.5758418e+002  1.0000000e+000 -1.0000000e+000
  5.3637039e+001  1.5959574e+002 -2.3954948e+002  3.5214709e+002 -3.9517615e+002 -6.1810953e+002  1.7097619e+002 -3.9337117e+001  3.7676692e+002 -2.9181577e+002  1.8190996e+002 -2.8547018e+001  2.1644691e+002  2.3583256e+002 -2.0182416e+002  6.2809654e+002 -1.4427898e+003 -1.4256295e+003  2.1017649e+002 -2.8909568e+002  1.0000000e+000 -1.0000000e+000
  5.3714585e+000  1.4939201e+002 -2.9024469e+002  3.4910954e+002 -3.8071113e+002 -6.5447794e+002  1.8756830e+002  2.5476895e+001  3.8427045e+002 -1.5326749e+002  2.2375517e+002 -1.3560145e+002  2.3345250e+002  3.0041428e+002 -1.9072362e+002  4.9289885e+002 -1.3876350e+003 -1.5451801e+003  2.0842804e+002 -5.2431852e+002  1.0000000e+000 -1.0000000e+000
  4.6956484e+001  1.4233416e+002 -2.7596756e+002  3.4650401e+002 -3.8680576e+002 -6.1299094e+002  1.9180051e+002  1.6826270e+001  3.5351431e+002 -2.4867440e+002  2.5674138e+002 -1.1160016e+002  1.6626282e+002  2.1504947e+002 -2.0922725e+002  4.6564057e+002 -1.4004135e+003 -1.5316861e+003  2.1034076e+002 -4.4118627e+002  1.0000000e+000 -1.0000000e+000
  3.8782131e+001  1.7805499e+002 -2.7668660e+002  3.3768578e+002 -4.2985390e+002 -5.6036056e+002  1.4316959e+002 -1.0400303e+001  3.4539204e+002 -2.2872444e+002  2.3969563e+002 -1.0429604e+002  1.5072149e+002  2.3326163e+002 -2.0550888e+002  5.1728654e+002 -1.3695634e+003 -1.5657497e+003  1.9573380e+002 -4.8357471e+002  1.0000000e+000 -1.0000000e+000
  3.5553836e+001  1.7341958e+002 -2.1614776e+002  3.6970039e+002 -3.9756200e+002 -6.6341675e+002  1.7841944e+002 -6.2899770e+001  3.6558404e+002 -2.6675580e+002  2.0156878e+002 -3.1392869e+001  2.2131328e+002  2.5919015e+002 -2.3062307e+002  5.8953808e+002 -1.4375560e+003 -1.4630435e+003  2.0675129e+002 -3.0613994e+002  1.0000000e+000 -1.0000000e+000
  2.7446354e+000  1.7434363e+002 -2.3293079e+002  3.4002409e+002 -3.9039893e+002 -6.4004355e+002  1.8947785e+002 -7.2029844e-001  3.3462597e+002 -1.5384455e+002  1.8387127e+002 -6.6787342e+001  1.9613815e+002  2.0291925e+002 -1.5811447e+001  6.1492894e+002 -1.3616659e+003 -1.5185823e+003  2.2441147e+002 -6.5064670e+002  1.0000000e+000 -1.0000000e+000
 -2.6627804e+001  1.8505136e+002 -2.4151882e+002  3.2788435e+002 -4.3003457e+002 -6.0036805e+002  1.7366742e+002 -4.0020839e+000  3.3073221e+002 -1.7930900e+002  1.9071392e+002 -7.2634413e+001  1.9039733e+002  1.6759322e+002 -6.4797040e+001  6.1208395e+002 -1.3600145e+003 -1.5562584e+003  1.9370391e+002 -5.9502715e+002  1.0000000e+000 -1.0000000e+000
  1.2148822e+001  1.6159767e+002 -1.9799634e+002  2.9211505e+002 -3.7898259e+002 -6.5358506e+002  2.1747071e+002  6.2390945e+001  3.2320551e+002 -2.6055019e+002  2.4955395e+002 -4.8201001e+001  1.9449291e+002  4.0107621e+002 -1.2525054e+002  5.2299684e+002 -1.4470674e+003 -1.4741515e+003  2.9210241e+002 -6.6141260e+002  1.0000000e+000 -1.0000000e+000
  3.7895126e+001  1.4756706e+002 -2.2146469e+002  4.1455771e+002 -4.0974036e+002 -6.0206668e+002  2.1028744e+002  3.4673209e+001  3.7548684e+002 -2.3039623e+002  1.8471675e+002 -7.5285278e+001  1.5496128e+002  2.0619842e+002 -1.1519951e+002  3.8502363e+002 -1.4399424e+003 -1.5186463e+003  2.9151295e+002 -5.6726236e+002  1.0000000e+000 -1.0000000e+000
  3.0272780e+001  1.9993963e+002 -2.7524441e+002  3.4206784e+002 -4.0148905e+002 -6.5163494e+002  2.5475060e+002  2.7418028e+001  3.4584232e+002 -1.5735813e+002  2.7906558e+002  1.3942898e+000  1.4820514e+002  1.6391606e+002 -1.2748500e+002  4.4088352e+002 -1.5400854e+003 -1.4697915e+003  2.5050703e+002 -3.9517401e+002  1.0000000e+000 -1.0000000e+000
 -3.1146786e+001  1.6337221e+002 -2.8048720e+002  3.0265473e+002 -4.1844949e+002 -6.4473045e+002  1.8840194e+002  1.3141863e+001  3.8491799e+002 -1.7708111e+002  2.4795842e+002  3.9617336e+001  1.3091531e+002  1.8606065e+002 -1.9715255e+002  4.8093977e+002 -1.5189031e+003 -1.4863330e+003  2.0994947e+002 -3.7738458e+002  1.0000000e+000 -1.0000000e+000
  1.1486374e+001  1.4407719e+002 -2.3777679e+002  3.8495476e+002 -4.0268330e+002 -7.0303695e+002  1.8560589e+002  2.1543582e+001  4.1628297e+002 -1.9266254e+002  1.4856217e+002 -1.2640943e+002  2.3937854e+002  1.9446369e+002 -7.0365067e+001  5.3556550e+002 -1.3878624e+003 -1.5236172e+003  1.9412945e+002 -5.6733898e+002  1.0000000e+000 -1.0000000e+000
  1.4370456e+001  1.6285799e+002 -2.4571868e+002  3.9689928e+002 -3.8369329e+002 -6.6432503e+002  1.9195662e+002  2.3712563e+001  3.8374798e+002 -1.7617517e+002  1.8693929e+002 -9.4299898e+001  2.2961232e+002  1.9295132e+002 -1.6099102e+002  4.6436589e+002 -1.4285054e+003 -1.5334202e+003  1.7547062e+002 -5.2501987e+002  1.0000000e+000 -1.0000000e+000
  7.3837702e+000  1.6494680e+002 -2.5574982e+002  3.2111701e+002 -4.0098523e+002 -6.6461831e+002  1.3711062e+002 -5.2103362e+001  4.1795040e+002 -1.8949627e+002  2.6414330e+002 -1.7853598e+002  8.3518791e+001  2.8687226e+002 -1.0311235e+002  5.5923324e+002 -1.5522826e+003 -1.3488225e+003  5.4713670e+002 -5.1744996e+002  1.0000000e+000 -1.0000000e+000
  4.4770120e+001  1.7356496e+002 -2.6828280e+002  3.2312522e+002 -4.0398515e+002 -6.3522541e+002  2.0427899e+002  6.8321503e+000  3.7115777e+002 -1.9739602e+002  1.9542124e+002 -6.8422549e+001  2.5101447e+002  2.0912802e+002 -2.3097929e+002  5.6445236e+002 -1.4698872e+003 -1.3690889e+003  3.7607955e+002 -7.2935193e+002  1.0000000e+000 -1.0000000e+000
  2.3531633e+001  1.5119405e+002 -2.6706086e+002  3.8216755e+002 -4.2371198e+002 -6.4980591e+002  1.5482535e+002  2.0496475e+001  3.1717867e+002 -1.9935503e+002  2.3344151e+002 -3.7957111e+001  1.9586350e+002  2.5130617e+002 -1.5613262e+002  5.3298848e+002 -1.3841987e+003 -1.5221397e+003  4.8231011e+002 -4.6281546e+002  1.0000000e+000 -1.0000000e+000
  2.4564307e+001  1.9401032e+002 -2.4195559e+002  3.6200922e+002 -3.8924994e+002 -6.8344318e+002  1.4314574e+002  1.7742702e+001  3.1714210e+002 -1.9771746e+002  2.4702121e+002 -6.9487463e+001  2.0377612e+002  2.2717432e+002 -9.9006351e+001  4.8046947e+002 -1.3850290e+003 -1.4827183e+003  4.8973370e+002 -4.2013912e+002  1.0000000e+000 -1.0000000e+000
  4.8772549e+001  1.6886813e+002 -2.5979511e+002  3.4165583e+002 -4.2653616e+002 -6.0844011e+002  1.8302346e+002  1.9663278e+001  3.7721149e+002 -1.8169096e+002  1.9303329e+002 -6.2236955e+001  2.6410048e+002  1.9605754e+002 -2.3646704e+002  5.4943170e+002 -1.4795613e+003 -1.3736839e+003  3.9765481e+002 -7.1136287e+002  1.0000000e+000 -1.0000000e+000
  2.7301547e+001  2.1430327e+002 -2.5438254e+002  3.4823446e+002 -4.0160417e+002 -6.6899148e+002  1.5928463e+002  2.4423881e+001  3.1126214e+002 -2.3108071e+002  2.3056924e+002 -6.9749080e+001  2.0307298e+002  2.0040612e+002 -9.7094200e+001  5.0404268e+002 -1.3931440e+003 -1.5065277e+003  4.6858490e+002 -4.0472054e+002  1.0000000e+000 -1.0000000e+000
  1.4946732e+000  1.6454066e+002 -2.3886690e+002  3.3639592e+002 -3.9474760e+002 -6.3549062e+002  2.2088381e+002 -9.0516320e-001  3.8839563e+002 -2.0203400e+002  1.8510812e+002 -4.0619349e+001  1.7488465e+002  2.2964341e+002 -1.7832447e+002  5.6604684e+002 -1.3431275e+003 -1.5493466e+003  4.3061830e+002 -4.4236800e+002  1.0000000e+000 -1.0000000e+000
 -8.0855263e+000  1.3286188e+002 -2.4537041e+002  3.6281587e+002 -4.2606839e+002 -6.1550819e+002  2.3542109e+002  3.1953611e+001  3.8611881e+002 -1.9441157e+002  2.3650629e+002 -4.7810889e+001  1.8483348e+002  2.9217434e+002 -2.0800467e+002  5.8179391e+002 -1.3340463e+003 -1.5185226e+003  4.0151987e+002 -4.9262102e+002  1.0000000e+000 -1.0000000e+000
  1.9688370e+001  2.0825327e+002 -2.1995325e+002  4.1160185e+002 -4.0429220e+002 -5.7637807e+002  2.3402791e+002 -2.1757289e+001  3.0387120e+002 -1.5936380e+002  2.7350322e+002 -6.1000879e+001  1.8503794e+002  3.0241931e+002 -1.7267620e+002  6.7706342e+002 -1.3569287e+003 -1.5197008e+003  3.0042023e+002 -5.5289828e+002  1.0000000e+000 -1.0000000e+000
 -4.5490387e+000  1.5782911e+002 -2.3111993e+002  3.0873547e+002 -3.5886822e+002 -6.2463196e+002  2.0794863e+002 -1.0460269e+001  3.3872523e+002 -1.5454182e+002  2.2947834e+002 -8.0840502e+001  2.4051046e+002  2.3854078e+002 -2.2032842e+002  6.0435652e+002 -1.4706395e+003 -1.4385347e+003  3.4398154e+002 -6.8764644e+002  1.0000000e+000 -1.0000000e+000
  2.8861572e+001  1.7574861e+002 -2.7039054e+002  3.1976335e+002 -3.8349847e+002 -6.1278289e+002  2.1135487e+002  2.6841135e+001  3.8912048e+002 -2.1025357e+002  1.7389391e+002 -5.7090557e+001  2.0856350e+002  2.2791979e+002 -1.4807475e+002  5.4934789e+002 -1.3395063e+003 -1.5208074e+003  4.3299302e+002 -3.7473283e+002  1.0000000e+000 -1.0000000e+000
  2.1305249e+001  1.6229977e+002 -2.3624338e+002  3.4442027e+002 -3.6037294e+002 -6.5115177e+002  2.1292757e+002 -5.6096602e+000  3.5308707e+002 -2.0087963e+002  1.8517374e+002 -7.4767857e+001  2.3913104e+002  1.8825819e+002 -2.2265716e+002  5.5044166e+002 -1.4660992e+003 -1.3912377e+003  3.7046998e+002 -7.0435747e+002  1.0000000e+000 -1.0000000e+000
  5.4713999e+000  1.7205432e+002 -3.0815656e+002  3.4499001e+002 -3.6901192e+002 -5.9620245e+002  1.7573193e+002  4.9742769e+001  3.3679733e+002 -1.8076628e+002  1.9706821e+002 -7.8065077e+001  3.0096090e+002  3.0813678e+002 -1.1892350e+002  5.2603511e+002 -1.3960523e+003 -1.4495107e+003  4.1595740e+002 -3.6215072e+002  1.0000000e+000 -1.0000000e+000
  2.3512021e+001  1.7260991e+002 -2.5569688e+002  3.3024528e+002 -3.8044122e+002 -6.5546787e+002  2.4256947e+002  5.1634509e+000  3.9857616e+002 -2.1244637e+002  1.8830965e+002 -5.2629304e+001  1.8824873e+002  2.3767850e+002 -1.6731196e+002  5.6687357e+002 -1.3314080e+003 -1.5352257e+003  4.3291614e+002 -4.0159842e+002  1.0000000e+000 -1.0000000e+000
  2.7975518e+001  1.7902692e+002 -2.6583340e+002  3.2504680e+002 -3.7178638e+002 -6.4793712e+002  2.4610931e+002  1.8184472e+000  3.8686871e+002 -2.2597818e+002  1.7923489e+002 -6.1887830e+001  1.8726117e+002  2.3214894e+002 -1.6487291e+002  5.7658767e+002 -1.3293969e+003 -1.5308341e+003  4.1661900e+002 -3.8276339e+002  1.0000000e+000 -1.0000000e+000
  2.9784141e+001  2.0137231e+002 -2.9031806e+002  3.4920828e+002 -3.9614986e+002 -6.3755859e+002  1.9989788e+002  2.9568866e+001  3.2892741e+002 -2.4023861e+002  1.8237980e+002 -8.4222972e+001  2.5421970e+002  2.3894963e+002 -8.5640119e+001  5.3444948e+002 -1.3741209e+003 -1.4909073e+003  4.3762543e+002 -3.6439407e+002  1.0000000e+000 -1.0000000e+000
  1.9623169e+001  1.6957706e+002 -2.5461078e+002  3.3336155e+002 -3.8568570e+002 -6.4559631e+002  2.3532474e+002  6.1577903e+000  4.0013801e+002 -2.0733501e+002  1.8602749e+002 -5.2608551e+001  1.9298447e+002  2.4513590e+002 -1.6506414e+002  5.6477001e+002 -1.3350173e+003 -1.5386228e+003  4.3872171e+002 -4.0394635e+002  1.0000000e+000 -1.0000000e+000
 -1.9116313e+001  1.2127955e+002 -2.7592008e+002  3.8211581e+002 -3.2457480e+002 -6.0645720e+002  2.0829519e+002  1.3915832e+001  3.0816704e+002 -1.9872192e+002  2.2133433e+002 -8.3764704e+001  1.7505999e+002  1.6858146e+002 -2.2870875e+002  5.2254092e+002 -1.4176401e+003 -1.4564678e+003  4.2236240e+002 -6.2803754e+002  1.0000000e+000 -1.0000000e+000
  1.0917823e+001  1.3790522e+002 -2.2930391e+002  3.6400635e+002 -4.0501802e+002 -6.3143224e+002  1.7133226e+002  1.0027945e+000  3.8179318e+002 -1.7189350e+002  1.9295177e+002 -2.9854475e+001  2.0184942e+002  2.6943854e+002 -1.6900378e+002  5.4806385e+002 -1.3693499e+003 -1.5084381e+003  4.7140997e+002 -4.6386944e+002  1.0000000e+000 -1.0000000e+000
  2.1958576e+001  1.1981822e+002 -2.6129232e+002  3.8832221e+002 -3.9098902e+002 -6.7751016e+002  1.8560215e+002 -7.2668512e+000  2.9401097e+002 -2.0829860e+002  2.5039271e+002 -4.9019070e+001  1.6238897e+002  2.5336526e+002 -2.0708811e+002  5.4665859e+002 -1.3821684e+003 -1.5212929e+003  4.5951863e+002 -5.0917687e+002  1.0000000e+000 -1.0000000e+000
  1.6203760e+001  1.3010268e+002 -2.3411684e+002  3.6817150e+002 -4.2065566e+002 -6.0970241e+002  1.4644112e+002 -5.4158422e+000  3.8282548e+002 -1.5173568e+002  1.8690213e+002 -3.8316449e+001  2.1994154e+002  2.8712771e+002 -1.5312906e+002  5.3202850e+002 -1.3870781e+003 -1.4769964e+003  4.7747480e+002 -4.5543051e+002  1.0000000e+000 -1.0000000e+000
  3.3920757e+001  1.4587160e+002 -2.4886452e+002  3.5358450e+002 -4.0065702e+002 -5.6624419e+002  2.8327694e+002 -4.0318121e+001  3.7593236e+002 -2.1966523e+002  2.3679550e+002 -1.6860153e+002  2.1399100e+002  2.3461080e+002  3.8567803e+000  5.0425913e+002 -1.5254490e+003 -1.4470075e+003  4.3235071e+002 -3.7432911e+002  1.0000000e+000 -1.0000000e+000
  3.0302439e+001  1.7970947e+002 -2.5004526e+002  3.5860776e+002 -3.7927294e+002 -6.2577034e+002  2.0180117e+002  9.3126947e+001  3.0681964e+002 -1.7108872e+002  1.2709638e+002 -1.2058856e+002  1.0024393e+002  2.5379343e+002 -1.7794772e+002  7.0504404e+002 -1.5160525e+003 -1.4098514e+003  2.6090036e+002 -2.9639975e+002  1.0000000e+000 -1.0000000e+000
  2.6050878e+001  1.5745466e+002 -2.9666471e+002  3.5505208e+002 -3.5976789e+002 -6.5381319e+002  2.1957979e+002 -7.1085415e+001  2.6593474e+002 -2.4130670e+002  1.2389643e+002 -6.9343317e+001  1.5873727e+002  2.2699311e+002 -1.7674520e+002  4.9581582e+002 -1.4588043e+003 -1.5013538e+003  3.9106549e+002 -5.9144507e+002  1.0000000e+000 -1.0000000e+000
  5.7757996e+001  2.0691627e+002 -2.5692246e+002  3.4657896e+002 -4.3849473e+002 -6.2329341e+002  1.7447948e+002  3.5814845e+001  3.6605840e+002 -2.1609400e+002  2.0083291e+002 -6.6468619e+001  2.3919167e+002  2.3348726e+002 -1.8863813e+002  5.2934359e+002 -1.4773201e+003 -1.4092545e+003  3.8591622e+002 -7.4576503e+002  1.0000000e+000 -1.0000000e+000
  9.5834116e+000  1.8931467e+002 -2.9514460e+002  4.0915952e+002 -3.2185192e+002 -6.0535206e+002  1.7599318e+002  3.0605686e+001  4.4030592e+002 -2.7186062e+002  2.2125178e+002  3.3613551e+001  1.5592563e+002  3.1257063e+002 -4.9778168e+001  5.5274274e+002 -1.4661264e+003 -1.4065081e+003  3.2224917e+002 -7.7569324e+002  1.0000000e+000 -1.0000000e+000
 -1.0658385e+001  1.6117913e+002 -2.7576125e+002  3.4193922e+002 -4.3269007e+002 -6.0837076e+002  1.8739680e+002 -5.2942554e+001  3.3066769e+002 -1.8359808e+002  7.8562531e+001 -1.4087221e+001  1.8812012e+002  3.6872663e+002 -1.1085483e+002  4.4591958e+002 -1.5118080e+003 -1.5119140e+003  3.2480612e+002 -5.4547551e+002  1.0000000e+000 -1.0000000e+000
  8.9154662e+001  1.6513679e+002 -2.5551044e+002  3.7632268e+002 -3.7304057e+002 -6.5717803e+002  2.1561876e+002  1.8704045e+000  3.6319784e+002 -6.2068901e+001  1.9131207e+002 -2.5829340e+001  1.9337661e+002  3.2865748e+002 -1.5445956e+002  5.3580495e+002 -1.5299460e+003 -1.4425706e+003  2.9790506e+002 -3.0681916e+002  1.0000000e+000 -1.0000000e+000
  3.3663742e+001  1.3922879e+002 -2.1897377e+002  3.2490105e+002 -4.1538507e+002 -6.6660498e+002  2.2417077e+002  5.3983224e+001  3.0969164e+002 -2.5931983e+002  1.7616053e+002 -8.1455039e+001  1.8070725e+002  3.2039059e+002 -1.2505408e+002  4.5776465e+002 -1.4548046e+003 -1.5124473e+003  2.6728047e+002 -6.1867302e+002  1.0000000e+000 -1.0000000e+000
 -1.8944936e+002  3.2503024e+002 -5.0864793e+001  2.6740546e+001 -1.3339908e+002  4.0831556e+001  8.2792711e+001  2.5032133e+001 -6.2824087e+001  1.7902723e+002  1.0271519e+002  3.2658725e+001  1.2692573e+002  3.2341135e+002  3.0092339e+002 -1.8862069e+002  5.9181248e+002 -1.5767594e+001 -5.4408480e+002 -1.0525886e+003 -1.0000000e+000  1.0000000e+000
 -1.9829450e+002  2.9572917e+002 -7.7333158e+001 -1.0682207e+001 -8.2553816e+001  9.0606929e+001  7.0275351e+001  1.7580695e+001 -4.3496662e+001  3.5524507e+002  2.0640177e+001  7.7223302e+001  1.9589937e+002  4.6528412e+002  1.3346410e+001 -1.9413913e+002  3.9774327e+002  5.8247014e+001 -3.0696686e+002 -1.0891170e+003 -1.0000000e+000  1.0000000e+000
 -1.9704251e+002  2.8217629e+002 -7.5358970e+001 -2.0743606e+001 -5.9670273e+001  7.4405040e+001  6.4465699e+001 -1.4433916e+001 -4.6668951e+001  3.2233770e+002  5.2451356e+001  1.1559738e+002  1.7130749e+002  4.2618759e+002 -1.0457308e+001 -1.9526441e+002  3.7705388e+002  1.0637157e+002 -3.2525054e+002 -1.1285074e+003 -1.0000000e+000  1.0000000e+000
 -2.1504208e+002  3.2147564e+002 -4.7962508e+001  1.1612504e+001 -1.0712923e+002  5.1754988e+001 -2.5427534e+000  3.1114207e+001 -8.1662961e+001  2.8736712e+002  1.0648095e+002  9.1186487e+001  1.5971372e+002  4.5016404e+002  2.1261482e+001 -2.6195684e+002  2.8878775e+002  1.6001683e+002 -2.3132388e+002 -1.0922619e+003 -1.0000000e+000  1.0000000e+000
 -1.6308015e+002  3.0446314e+002 -8.5998742e+001 -6.0660374e+001 -3.3276496e+001  1.9740604e+001 -3.0847197e+001  5.9838604e+001 -1.2858004e+001  2.1198949e+002  4.7606171e+000  1.2715356e+002  3.0559855e+002  2.8870488e+002  4.8296372e+001 -1.7721861e+002  4.1476244e+002 -2.6774401e+001 -3.2954827e+002 -9.9412667e+002 -1.0000000e+000  1.0000000e+000
 -1.9920345e+002  3.4077751e+002 -7.0688353e+001 -1.0757895e+001 -1.0046948e+002  3.1964157e+001  6.2384190e+000 -1.9621941e+001 -2.9806360e+001  2.2971973e+002 -4.8128118e+001  1.6814152e+002  2.2804524e+002  3.1586179e+002  1.3355112e+002 -5.2761787e+001  3.0585702e+002  6.4343334e+001 -1.7228307e+002 -9.6860976e+002 -1.0000000e+000  1.0000000e+000
 -2.0380901e+002  3.3024355e+002 -6.4527058e+001 -1.2757579e+000 -1.1889645e+002  4.6435721e+001  7.8448953e+000  1.1541550e+001 -5.0273000e+001  2.2407169e+002 -1.1385682e+001  1.9985925e+002  2.2307501e+002  2.5940414e+002  8.3642156e+001 -6.3838568e+001  3.0763953e+002  1.0967039e+002 -1.6978002e+002 -9.6522065e+002 -1.0000000e+000  1.0000000e+000
 -1.9215087e+002  2.7140645e+002 -3.3695259e+001  2.2142755e+001 -1.8305880e+002  1.8272353e+001 -1.2021292e+001  3.7929373e+001 -1.0021224e+002  2.0324206e+002  8.4257615e+001  1.6652887e+002  2.0646027e+002  2.9571780e+002  5.9648308e+000 -1.8074990e+002  2.6578436e+002  2.3063277e+002 -2.1589630e+002 -1.0188562e+003 -1.0000000e+000  1.0000000e+000
 -2.0970494e+002  3.4977657e+002 -7.2267030e+001 -2.0620496e+001 -1.7807077e+002  8.4777136e+001  5.3330460e+000 -2.2811623e+000 -1.5715147e+001  3.1256516e+002 -6.0971123e+001  1.0133030e+002  2.4957198e+002  4.0509144e+002  1.4599134e+002 -1.4638548e+002  4.4336653e+002  4.8560420e+002 -2.5860661e+002 -1.1041779e+003 -1.0000000e+000  1.0000000e+000
 -1.8668287e+002  3.6098676e+002 -6.1937207e+001  3.5295654e+001 -1.3517384e+002  2.7214719e+001  6.8785369e+001  5.0222223e+001 -5.1122245e+001  3.1047733e+002  2.4746512e+001  2.5133146e+002  2.0611554e+002  3.5344904e+002 -2.0291643e+001 -1.2994456e+002  5.4850572e+002  2.3483414e+002 -2.1582839e+002 -1.1095483e+003 -1.0000000e+000  1.0000000e+000
 -2.0857888e+002  3.0569472e+002 -6.3218003e+001  2.5259698e+001 -1.0326117e+002  4.4445656e+001  2.4194179e+000  1.7820654e+001 -5.6444736e+001  3.3771489e+002  7.5873162e+001  2.4881523e+002  2.6640663e+002  3.4390984e+002  5.6888502e+001 -1.1423344e+002  5.2250556e+002  2.3308311e+002 -3.8364893e+002 -1.1340573e+003 -1.0000000e+000  1.0000000e+000
 -2.0427613e+002  2.9311615e+002 -4.2358023e+001 -8.6651193e+001 -1.1945704e+002  6.5066642e+001  8.7145004e+000  6.9353901e+001 -7.1822399e+001  3.0159591e+002  1.0487560e+002  2.2039931e+002  2.8381751e+002  2.5431050e+002  6.6653958e+001 -2.5253705e+002  6.0369725e+002  2.4211423e+002 -5.0822660e+002 -1.1364199e+003 -1.0000000e+000  1.0000000e+000
 -2.0860589e+002  3.1303691e+002 -8.1766261e+001 -1.8226347e+001 -1.0969972e+002  5.6803375e+001  7.2513618e+001  4.8908811e+001 -4.8992898e+001  2.2617699e+002  7.7728498e+000  1.6250292e+002  1.2657700e+002  3.8928689e+002  4.6356686e+001 -1.1066906e+002  4.0785911e+002  1.5114428e+002 -8.3066686e+001 -1.0465380e+003 -1.0000000e+000  1.0000000e+000
 -1.4133368e+002  2.5648685e+002 -7.6043845e+001  1.3939170e+001 -1.0323394e+002  5.9587409e+000  2.1126876e+001  4.8626514e+001 -6.2993227e+001  2.8578873e+002 -9.4378746e+000  1.0172778e+002  8.1172522e+001  2.6387193e+002  3.0124968e+001 -7.9061903e+001  5.0687434e+002  1.9102814e+002 -1.1473495e+002 -9.9155547e+002 -1.0000000e+000  1.0000000e+000
 -2.1990030e+002  3.6509736e+002 -4.4542770e+001 -6.8389290e+000 -1.1672773e+002 -2.2916562e+001  1.5947112e+001  1.1935055e+002 -5.4132136e+001  3.6114381e+002 -3.7384196e+001  3.6866244e+001  1.2350028e+002  2.7552488e+002 -1.1163206e+001 -1.0790319e+002  5.5964982e+002  6.5342944e+001 -1.4848578e+002 -9.5971390e+002 -1.0000000e+000  1.0000000e+000
 -1.5582906e+002  3.0770230e+002 -7.5913656e+001 -1.8847518e+001 -1.2014471e+002  3.3415818e+001  2.0604325e+001  4.2817218e+001 -2.8750248e+001  2.7952733e+002  5.1740037e+001  8.9976307e+001  1.8375444e+002  4.4804140e+002  9.3856302e+000 -1.8461031e+002  3.6663749e+002  1.1134718e+002 -2.4249678e+002 -1.0762302e+003 -1.0000000e+000  1.0000000e+000
 -1.7629746e+002  3.2474533e+002 -8.2649802e+001 -3.5707759e+001 -1.1860145e+002 -9.1102505e+001  6.0779166e+001 -1.3492726e+001 -4.0651229e+001  3.3732963e+002  6.3175777e+001  1.6625033e+002  1.9328847e+002  3.7396090e+002  9.3890279e+001 -2.0591177e+002  3.5360321e+002  2.1303764e+002 -3.4693808e+002 -1.1093849e+003 -1.0000000e+000  1.0000000e+000
 -1.8757141e+002  3.3975263e+002 -5.9541787e+001 -3.1011084e+001 -1.3206460e+002 -8.6349615e+001  3.5920828e+001  1.2851519e+001 -5.0515511e+001  2.9470827e+002  8.0342253e+001  1.4914791e+002  1.8421426e+002  3.8288281e+002  9.5941149e+001 -2.1602847e+002  3.1185943e+002  2.4901149e+002 -2.5938681e+002 -1.1002553e+003 -1.0000000e+000  1.0000000e+000
 -1.5990372e+002  3.5476504e+002  3.8628811e+001 -4.0079542e+000 -2.7356218e+001  1.5352517e+001  4.2118026e+001  7.0832200e+000 -8.7394792e+000  2.6123085e+002  3.5934567e+001  1.6865603e+002  2.0788479e+002  4.1641735e+002  7.6057195e+001 -2.0194474e+002  4.5938453e+002  2.3762786e+002 -2.2350408e+002 -2.2429184e+002 -1.0000000e+000  1.0000000e+000
 -2.1632681e+002  2.8077198e+002 -8.9042366e+001  1.6711386e+000 -1.2875656e+002  2.4413983e+001  4.6850326e+001  4.8795854e+001  8.5615386e+001  2.7116981e+002  6.8871062e+001  1.5752587e+002  1.9322131e+002  3.6462368e+002  7.1945476e+001 -1.8612798e+002  4.3734907e+002  2.7227354e+002 -2.5480128e+002 -1.8782755e+002 -1.0000000e+000  1.0000000e+000
 -2.3806005e+002  2.7736503e+002 -1.3101181e+002 -4.9245890e+000 -1.5149222e+002  1.0049440e+001  1.6814906e+001  5.2989644e+001 -4.3150970e+001  2.7813767e+002  4.0265830e+001  1.4516625e+002  1.8446700e+002  3.8971004e+002  6.8157726e+001 -1.7113510e+002  4.6459331e+002  2.6820713e+002 -2.8672648e+002 -1.9356104e+002 -1.0000000e+000  1.0000000e+000
 -1.6619673e+002  3.2992100e+002 -9.6396044e+001 -2.5012417e+001 -9.7265439e+001  2.8709917e+001 -1.2863709e+000  5.5462442e+000 -2.3478569e+002  2.6867059e+002 -1.2336460e+001  1.5198136e+002  1.9401844e+002  4.5052838e+002  6.8820489e+001 -1.9912029e+002  4.9733439e+002  2.2951679e+002 -2.8915120e+002 -2.5735351e+002 -1.0000000e+000  1.0000000e+000
 -2.6390699e+002  3.1275063e+002 -4.5376821e+001  1.4369717e+001 -7.0841664e+001  1.9794756e+001 -7.4849862e+001 -6.7255522e+001 -3.3746578e+001  2.8186152e+002  4.2173831e+001  7.8892242e+001  1.3471501e+002  2.8458689e+002  2.4220444e+001 -2.9554867e+002  5.4113691e+002  2.5318344e+002 -5.5569959e+001 -1.0005416e+003 -1.0000000e+000  1.0000000e+000
 -1.6743249e+002  2.9791463e+002 -9.6372828e+001 -4.7719256e+001 -1.1014420e+002  2.1658333e+001  1.3546677e+001  3.4277247e+000 -3.5622174e+001  2.6149455e+002  6.0451008e+001  1.6565789e+002  1.2487721e+002  3.8427839e+002  6.5857681e+001 -1.5779467e+002  5.2222414e+002  1.7818595e+002 -4.5056799e+001 -1.0360834e+003 -1.0000000e+000  1.0000000e+000
 -1.7752179e+002  3.0234125e+002 -8.7669356e+001 -4.0020490e+001 -1.1016771e+002  2.3841078e+001 -4.4357944e+000 -1.8283229e+001 -3.3973208e+001  2.6610828e+002  7.0092813e+001  1.5272225e+002  1.4373976e+002  3.6320136e+002  7.2698237e+001 -2.1599989e+002  5.0681122e+002  1.3400332e+002  1.2015080e+001 -9.9946055e+002 -1.0000000e+000  1.0000000e+000
 -1.7841331e+002  3.0189180e+002 -9.2330632e+001 -4.6128092e+001 -1.1337106e+002  1.8216530e+001  1.2144053e+001 -1.0331123e+001 -2.7994807e+001  2.4691246e+002  4.2350109e+001  1.6498468e+002  1.3140978e+002  3.8899622e+002  5.2760468e+001 -1.5252950e+002  5.3444883e+002  1.3992106e+002 -4.8299936e+001 -1.0251248e+003 -1.0000000e+000  1.0000000e+000
 -1.9006406e+002  3.0125541e+002 -5.5912387e+001 -1.3704205e+001 -1.2485033e+002  3.0814995e+001 -9.7234762e+000  4.3992716e+001 -1.8885291e+001  2.7921580e+002 -1.0647397e+002  2.8384855e+002  7.6334437e+000  4.1422063e+002  1.4404791e+002 -4.1506551e+002  4.1649216e+002  5.5134445e+001 -4.8906439e+002 -1.0837352e+003 -1.0000000e+000  1.0000000e+000
 -1.5386133e+002  3.1377951e+002 -4.9883181e+001 -3.0833431e+000 -1.4597065e+002  2.4736054e+001 -8.2296740e+001  3.3662857e+001 -9.8943435e+000  2.9927350e+002  7.4198826e+001  1.1983814e+002  1.8854712e+002  5.2787804e+002  1.3555633e+002 -8.5131953e+001  4.9313880e+002  1.8777693e+002 -2.7133442e+002 -1.0452555e+003 -1.0000000e+000  1.0000000e+000
 -1.6173949e+002  3.4341254e+002 -7.0844756e+001 -1.9000622e+001 -1.3624874e+002  2.3109664e+001 -4.1552687e+001  6.1413230e+001 -1.6901981e+001  2.4131537e+002  5.4135037e+001  1.6878600e+002  1.8387074e+002  4.9909987e+002  4.7948156e+001 -1.0857741e+002  5.6839632e+002  1.2678827e+002 -1.7238971e+002 -1.0300376e+003 -1.0000000e+000  1.0000000e+000
 -1.5838377e+002  2.9520191e+002 -7.6132972e+001  1.6840006e+001 -1.0100366e+002  2.6005472e+001  2.0790451e+001  3.0149132e+001 -3.2611417e+001  3.3403091e+002  4.7366451e+001  1.6705432e+002  2.3979033e+002  3.3732156e+002  1.7812317e+002 -2.4143197e+002  4.5519321e+002  9.0264541e+001  5.8617519e+001 -9.2971720e+002 -1.0000000e+000  1.0000000e+000
 -2.0540045e+002  3.1022579e+002 -6.6316316e+001 -3.2430675e+001 -1.3027896e+002  7.0708581e+000  5.4777684e+001  8.7519483e+000 -6.1404610e+001  2.9043610e+002  2.4677563e+001  1.6323058e+002  2.2454616e+002  4.0385072e+002  9.3571013e+001 -2.0028970e+002  5.3038230e+002  8.4673329e+001  1.4272449e+001 -1.0081888e+003 -1.0000000e+000  1.0000000e+000
 -2.0885152e+002  2.6752271e+002 -3.7633282e+001 -1.9739856e+001 -1.0180650e+002 -8.1495845e+000  2.2423889e+001  2.3501046e+001 -5.4134563e+001  2.8835586e+002 -2.0839183e+001  1.2168016e+002  2.0805953e+002  4.2932482e+002  1.6648389e+002 -1.1970959e+002  4.6705331e+002  3.9655200e+002 -2.5395186e+002 -1.1307748e+003 -1.0000000e+000  1.0000000e+000
 -2.2282698e+002  2.7573552e+002 -5.4504649e+001 -3.7416591e+001 -7.4186885e+001 -4.9017358e-001  2.5351975e+001  6.4315573e+001 -5.8735389e+001  2.5596528e+002  1.6961646e+001  1.4348930e+002  1.7801475e+002  4.3157275e+002  1.4039518e+002 -1.3019794e+002  4.5892238e+002  3.5319629e+002 -1.6287228e+002 -1.1175465e+003 -1.0000000e+000  1.0000000e+000
 -1.7941580e+002  3.2563987e+002 -8.3823922e+001 -8.4462411e+000 -1.1759794e+002  2.7017452e+001  5.0602538e+001 -3.0914778e+000 -3.2393811e+001  2.1844528e+002 -1.1849219e+001  9.9097990e+001  2.3841397e+002  4.0692878e+002  4.8488783e+001 -2.2768995e+002  4.9363842e+002  4.0964936e+002 -2.4856587e+002 -1.1373502e+003 -1.0000000e+000  1.0000000e+000
 -1.7734681e+002  3.1141442e+002 -7.9572572e+001 -1.1731752e+001 -1.1043709e+002  1.5025045e+001  5.4496435e+001  3.7828958e+000 -3.2822043e+001  2.1628348e+002 -2.8406629e+000  1.2117674e+002  2.3976202e+002  3.9665576e+002  1.4145336e+001 -2.3339016e+002  5.1534318e+002  3.8023517e+002 -2.4590187e+002 -1.1422027e+003 -1.0000000e+000  1.0000000e+000
 -2.0177407e+002  3.1013488e+002 -6.7553317e+001  1.2293085e+001 -9.9989604e+001 -9.3191354e+000  3.9275712e+001  3.3315897e+000 -4.2569484e+001  2.1021789e+002  2.5757082e+001  1.6696233e+002  1.8920257e+002  3.7868353e+002 -3.0024588e+001 -2.6226479e+002  5.6324899e+002  2.7765363e+002 -1.8977920e+002 -1.1249975e+003 -1.0000000e+000  1.0000000e+000
 -1.8715886e+002  2.5364704e+002 -4.8862439e+001  2.8827905e+001 -6.9458459e+001  4.5918757e+000  4.3658176e+001  1.4398891e+001 -5.1088519e+001  2.5325992e+002  1.6809382e+000  1.9337312e+002  1.8161403e+002  4.1686906e+002  6.3158482e+001 -8.9561350e+001  5.2306985e+002  2.7569336e+002 -2.4263095e+002 -1.1257372e+003 -1.0000000e+000  1.0000000e+000
 -1.7960327e+002  3.3356192e+002 -7.7162545e+001 -1.8560146e+001 -9.0782161e+001  1.5528432e+001  1.2787832e+001  5.2590302e+001 -3.2885293e+001  2.2547663e+002  1.1394992e+001  1.0557544e+002  2.3707369e+002  4.0432877e+002  6.4148184e+001 -2.7031132e+002  4.5491818e+002  4.1268853e+002 -1.8003706e+002 -1.1225444e+003 -1.0000000e+000  1.0000000e+000
 -1.3577803e+002  3.0056818e+002 -1.0320853e+002  4.5022959e+001 -8.1932955e+001  3.3096448e+001  7.2833373e+000  8.2130031e+001 -5.4048530e+001  3.0665270e+002  1.1263191e+001  1.2017982e+002  2.4614596e+002  2.9264070e+002  1.5935611e+002 -3.2552357e+002  4.2109205e+002  4.0385238e+002 -4.3346155e+001 -1.0388819e+003 -1.0000000e+000  1.0000000e+000
 -2.3045336e+002  3.0458449e+002 -6.8910674e+001 -3.0076085e+001 -5.7319235e+001  1.0952632e+001  1.2645578e+001  9.2486547e+001 -6.6523314e+001  2.6101444e+002  3.6384054e+001  1.5224702e+002  1.7663734e+002  4.0153715e+002  1.5652558e+002 -1.7475695e+002  4.2527202e+002  3.4843073e+002 -9.6542063e+001 -1.0954139e+003 -1.0000000e+000  1.0000000e+000
 -2.1567343e+002  2.9771948e+002 -4.3463592e+001 -3.3214113e+001 -1.5070109e+002  2.8412258e+000  4.7080719e+001 -1.6222398e+001 -6.4813337e+001  2.4444881e+002  5.5837401e+000  1.5710945e+002  2.5058347e+002  4.0852515e+002  8.0657068e+001 -2.1249557e+002  5.3206996e+002  3.2858334e+001  2.7129184e+001 -9.7140439e+002 -1.0000000e+000  1.0000000e+000
 -2.3240818e+002  3.0238703e+002 -6.0661621e+001 -1.6226487e+001 -7.6401002e+001  1.3436656e+001  5.4966349e+000  7.0000319e+001 -6.9326551e+001  2.6800926e+002  5.9986053e+001  1.6584899e+002  1.6083640e+002  4.2815906e+002  1.7575366e+002 -1.1828986e+002  4.1835324e+002  2.5429052e+002 -1.0165916e+002 -1.0815833e+003 -1.0000000e+000  1.0000000e+000
 -1.8374573e+002  2.9111629e+002 -5.7034806e+001  1.1773484e+001 -8.7018057e+001  1.0639715e+001  3.0448674e+001  3.4543163e+001 -4.2838810e+001  2.7339328e+002  2.7171152e+001  2.0052647e+002  1.8633943e+002  4.3857637e+002  5.6303470e+001 -8.6684968e+001  4.8398003e+002  1.8863562e+002 -2.2479196e+002 -1.1099659e+003 -1.0000000e+000  1.0000000e+000
 -1.9096540e+002  3.0285966e+002 -5.7099916e+001 -4.8406863e+000 -1.2036514e+002  2.9914794e+001  3.8462172e+001  3.2690880e+001 -5.1827040e+001  3.0286717e+002  2.1787335e+001  1.6180427e+002  2.5682529e+002  3.9753059e+002  1.5778877e+002 -2.4134611e+002  4.6221754e+002  6.1372083e+001  6.2358044e+001 -9.6298966e+002 -1.0000000e+000  1.0000000e+000
 -1.9236623e+002  2.8921161e+002 -4.1141408e+001  4.2131793e+000 -1.3605971e+002  2.7309618e+001  3.1839936e+001  1.8116160e+001 -5.3937955e+001  3.0483894e+002  1.3360367e+001  1.5154253e+002  2.7264752e+002  3.9816007e+002  1.4684310e+002 -2.5977437e+002  4.7346110e+002  3.6904350e+001  8.0457517e+001 -9.4032417e+002 -1.0000000e+000  1.0000000e+000
 -1.9424611e+002  3.2977189e+002 -7.5252488e+001  5.0723535e+001 -1.0628475e+002  1.8423642e+001  1.3443864e+001  6.9924191e+001 -4.8996612e+001  2.2027110e+002  7.8319558e+001  1.8337325e+002  1.7818873e+002  4.2367914e+002  1.2236813e+001 -2.7062348e+002  4.6487385e+002  2.0878218e+002 -1.0155192e+002 -1.0920352e+003 -1.0000000e+000  1.0000000e+000
 -2.1773332e+002  3.4371859e+002 -9.0660321e+001 -1.1652499e+001 -8.2040751e+001  3.8273295e+001  3.1975117e+001  8.0944020e+001 -4.6488857e+001  2.5290601e+002  6.1348673e+001  1.8441277e+002  1.8197529e+002  4.2454437e+002  1.0550436e+002 -2.0541992e+002  4.3230860e+002  1.6493032e+002 -1.1201876e+001 -1.0539173e+003 -1.0000000e+000  1.0000000e+000
 -2.1946897e+002  3.4399527e+002 -8.5209102e+001 -1.4987200e+001 -9.5572894e+001  3.7922267e+001  4.0510446e+001  6.0146176e+001 -4.5990948e+001  2.2913152e+002  4.3452012e+001  1.8851880e+002  1.9496824e+002  4.3536797e+002  7.6075843e+001 -1.9956258e+002  4.5432863e+002  1.2363330e+002 -1.8183945e+001 -1.0484021e+003 -1.0000000e+000  1.0000000e+000
 -2.1458120e+002  3.2015395e+002 -1.2086261e+002  6.0988442e+001 -6.2688357e+001 -8.6261031e+000 -1.0518304e+001 -3.3406888e+001 -5.0759663e+001  2.8747112e+002  2.7076045e+001  1.7950431e+002  2.4639148e+002  4.3218131e+002  1.4076629e+002 -1.1957928e+002  5.0637737e+002  7.2258052e+001 -3.5517896e+002 -1.0887919e+003 -1.0000000e+000  1.0000000e+000
 -2.1949533e+002  3.2054777e+002 -1.2274657e+002 -9.9735242e-001 -8.8003348e+001 -2.7661629e+001  1.0753696e+001  5.1723185e+001 -3.6466399e+001  2.6550873e+002  8.0726397e+000  1.2816195e+002  2.7207626e+002  4.0055129e+002  7.6081035e+001 -2.4130124e+002  4.8713243e+002 -2.5235162e+001 -3.9725050e+002 -1.0466953e+003 -1.0000000e+000  1.0000000e+000
 -2.1113542e+002  2.5910302e+002 -3.1827691e+001  1.1301571e+001 -1.3667211e+002 -1.4980839e+001  2.8016402e+000  7.7791233e+001 -4.4943872e+001  2.3508546e+002 -4.4132355e+001  1.0343655e+002  3.1007368e+002  4.8641262e+002 -8.1871150e+000 -2.2854606e+002  4.7898628e+002 -2.7357935e+001 -2.4289769e+002 -9.8111095e+002 -1.0000000e+000  1.0000000e+000
